0.8271
0.9151
0.8998
0.9106
0.9101
Student Maths
Sex
0.8397
0.8426
0.8387
0.8341
0.7646
0.8064
0.9012
0.9111
Student Maths
Walc
0.8364
0.7780
0.8376
0.8451
0.8206
0.7865
0.9196
0.8892
Student Portuguese
Age
0.8638
0.8604
0.9106
0.9205
0.7038
0.6481
0.9578
0.9511
Student Portuguese
Dalc
0.8470
0.8408
0.9128
0.9211
0.6230
0.5719
0.9088
0.9293
Student Portuguese
Famrel
0.8019
0.8206
0.9097
0.9146
0.6450
0.6508
0.9205
0.9163
Student Portuguese
Romantic
0.9370
0.9364
0.9211
0.9199
0.7608
0.7608
0.9686
0.9710
Student Portuguese
Sex
0.9200
0.9093
0.9134
0.9128
0.7646
0.6955
0.9708
0.9566
Student Portuguese
Walc
0.9271
0.9215
0.9186
0.9196
0.7214
0.7343
0.9679
0.9587
Communities and crime
Race
0.6623
0.5902
0.6056
0.6088
0.9182
0.8428
0.8313
0.7813
Default of credit
Sex
0.9755
0.9729
0.8354
