www.datascienceanywhere.com
Smoothing Filters
Blurring 

www.datascienceanywhere.com
Smoothing
• Smoothing filter will blur the image.
• Each pixel in the image is mixed in with its surrounding pixel 
intensities. This mixture of pixels in a neighborhood becomes our 
blurred pixel.
• This effect is quite helpful while performing image processing 
tasks.

www.datascienceanywhere.com
Types of Smoothing Filters
1. Averaging
2. Median
3. Gaussian
4. Bilateral

www.datascienceanywhere.com
Averaging
Smoothing Filter

www.datascienceanywhere.com
Averaging Blur
• Step-1: Define 𝑘× 𝑘sliding window on top of the image.
• 𝑘is always odd number
• Step-2: Slide the window from left to right and top to bottom
• Step-3: For each stride (usually stride =1), pixel at the center of the 
matrix is average of pixels surrounding it. 

www.datascienceanywhere.com
If size of sliding window increases blur effect 
increases
(3 x 3)
(5 x 5)
(7 x 7)
(9 x 9)
(11 x 11)
(13 x 13)

www.datascienceanywhere.com
Convolve Process
3 × 3
5 × 5
20
100
200
73
60
82
27
76
250
189
212
56
09
65
120
189
82
19
200
130
19
108
200
35
123
31
100
73
60
82
76
250
189
212
165
198
102
16
56
28
67
240
190
63
212
23
36
82
55
156
18
70
100
73
60
82
76
250
189
212
102
16
56
28
67
240
190
63
212
23
36
82
55
156
18
70
100
73
60
82
76
250
189
212
102
16
56
28
67
240
190
63
212
23
36
82
55
156
18
70

www.datascienceanywhere.com
20
100
200
73
60
82
27
76
250
189
212
56
09
65
120
189
82
19
200
130
19
108
200
35
123
31
100
73
60
82
76
250
189
212
165
198
102
16
56
28
67
240
190
63
212
23
36
82
55
156
18
70
100
73
60
82
76
250
189
212
102
16
56
28
67
240
190
63
212
23
36
82
55
156
18
70
100
73
60
82
76
250
189
212
102
16
56
28
67
240
190
63
212
23
36
82
55
156
18
70
Convolve Process

www.datascienceanywhere.com
20
100
200
73
60
82
27
76
250
189
212
56
09
65
120
189
82
19
200
130
19
108
200
35
123
31
100
73
60
82
76
250
189
212
165
198
102
16
56
28
67
240
190
63
36
82
55
156
18
70
100
73
60
82
76
250
189
212
102
16
56
28
67
240
190
63
212
23
36
82
55
156
18
70
100
73
60
82
76
250
189
212
102
16
56
28
67
240
190
63
212
23
36
82
55
156
18
70
Convolve Process
212
23
Average 
=
20+100+73+200+102+16+27+212+23
9
= 85

www.datascienceanywhere.com
20
100
200
73
60
82
27
76
250
189
212
56
09
65
120
189
82
19
200
130
19
108
200
35
123
31
100
73
60
82
76
250
189
212
165
198
102
16
56
28
67
240
190
63
212
23
36
82
55
156
18
70
100
73
60
82
76
250
189
212
102
16
56
28
67
240
190
63
212
23
36
82
55
156
18
70
100
73
60
82
76
250
189
212
102
16
56
28
67
240
190
63
212
23
36
82
55
156
18
70
Convolve Process
Stride = 1
Average 
=
100+73+60+102+16+56+212+23+36
9
= 75

www.datascienceanywhere.com
20
100
200
73
60
82
27
76
250
189
212
56
09
65
120
189
82
19
200
130
19
108
200
35
123
31
100
73
60
82
76
250
189
212
165
198
102
16
56
28
67
240
190
63
212
23
36
82
55
156
18
70
100
73
60
82
76
250
189
212
102
16
56
28
67
240
190
63
212
23
36
82
55
156
18
70
100
73
60
82
76
250
189
212
102
16
56
28
67
240
190
63
212
23
36
82
55
156
18
70
Convolve Process
Average 
=
Stride = 1

www.datascienceanywhere.com
20
100
200
73
60
82
27
76
250
189
212
56
09
65
120
189
82
19
200
130
19
108
200
35
123
31
100
73
60
82
76
250
189
212
165
198
102
16
56
28
67
240
190
63
212
23
36
82
55
156
18
70
100
73
60
82
76
250
189
212
102
16
56
28
67
240
190
63
212
23
36
82
55
156
18
70
100
73
60
82
76
250
189
212
102
16
56
28
67
240
190
63
212
23
36
82
55
156
18
70
Convolve Process
Average
Stride = 1

www.datascienceanywhere.com
20
100
200
73
60
82
27
76
250
189
212
56
09
65
120
189
82
19
200
130
19
108
200
35
123
31
100
73
60
82
76
250
189
212
165
198
102
16
56
28
67
240
190
63
212
23
36
82
55
156
18
70
100
73
60
82
76
250
189
212
102
16
56
28
67
240
190
63
212
23
36
82
55
156
18
70
100
73
60
82
76
250
189
212
102
16
56
28
67
240
190
63
212
23
36
82
55
156
18
70
Convolve Process
Average
Stride = 1

www.datascienceanywhere.com
20
100
200
73
60
82
27
76
250
189
212
56
09
65
120
189
82
19
200
130
19
108
200
35
123
31
100
73
60
82
76
250
189
212
165
198
102
16
56
28
67
240
190
63
212
23
36
82
55
156
18
70
100
73
60
82
76
250
189
212
102
16
56
28
67
240
190
63
212
23
36
82
55
156
18
70
100
73
60
82
76
250
189
212
102
16
56
28
67
240
190
63
212
23
36
82
55
156
18
70
Convolve Process
Average
Stride = 1

www.datascienceanywhere.com
20
100
200
73
60
82
27
76
250
189
212
56
09
65
120
189
82
19
200
130
19
108
200
35
123
31
100
73
60
82
76
250
189
212
165
198
102
16
56
28
67
240
190
63
212
23
36
82
55
156
18
70
100
73
60
82
76
250
189
212
102
16
56
28
67
240
190
63
212
23
36
82
55
156
18
70
100
73
60
82
76
250
189
212
102
16
56
28
67
240
190
63
212
23
36
82
55
156
18
70
Convolve Process
Average
Stride = 1

www.datascienceanywhere.com
20
100
200
73
60
82
27
76
250
189
212
56
09
65
120
189
82
19
200
130
19
108
200
35
123
31
100
73
60
82
76
250
189
212
165
198
102
16
56
28
67
240
190
63
212
23
36
82
55
156
18
70
100
73
60
82
76
250
189
212
102
16
56
28
67
240
190
63
212
23
36
82
55
156
18
70
100
73
60
82
76
250
189
212
102
16
56
28
67
240
190
63
212
23
36
82
55
156
18
70
Convolve Process
Average
Stride = 1

www.datascienceanywhere.com
20
100
200
73
60
82
27
76
250
189
212
56
09
65
120
189
82
19
200
130
19
108
200
35
123
31
100
73
60
82
76
250
189
212
165
198
102
16
56
28
67
240
190
63
212
23
36
82
55
156
18
70
100
73
60
82
76
250
189
212
102
16
56
28
67
240
190
63
212
23
36
82
55
156
18
70
100
73
60
82
76
250
189
212
102
16
56
28
67
240
190
63
212
23
36
82
55
156
18
70
Convolve Process
Average
Stride = 1

www.datascienceanywhere.com
20
100
200
73
60
82
27
76
250
189
212
56
09
65
120
189
82
19
200
130
19
108
200
35
123
31
100
73
60
82
76
250
189
212
165
198
102
16
56
28
67
240
190
63
212
23
36
82
55
156
18
70
100
73
60
82
76
250
189
212
102
16
56
28
67
240
190
63
212
23
36
82
55
156
18
70
100
73
60
82
76
250
189
212
102
16
56
28
67
240
190
63
212
23
36
82
55
156
18
70
Convolve Process
Average
Stride = 1

www.datascienceanywhere.com
20
100
200
73
60
82
27
76
250
189
212
56
09
65
120
189
82
19
200
130
19
108
200
35
123
31
100
73
60
82
76
250
189
212
165
198
102
16
56
28
67
240
190
63
212
23
36
82
55
156
18
70
100
73
60
82
76
250
189
212
102
16
56
28
67
240
190
63
212
23
36
82
55
156
18
70
100
73
60
82
76
250
189
212
102
16
56
28
67
240
190
63
212
23
36
82
55
156
18
70
Convolve Process
Average
Stride = 1

www.datascienceanywhere.com
20
100
200
73
60
82
27
76
250
189
212
56
09
65
120
189
82
19
200
130
19
108
200
35
123
31
100
73
60
82
76
250
189
212
165
198
102
16
56
28
67
240
190
63
212
23
36
82
55
156
18
70
100
73
60
82
76
250
189
212
102
16
56
28
67
240
190
63
212
23
36
82
55
156
18
70
100
73
60
82
76
250
189
212
102
16
56
28
67
240
190
63
212
23
36
82
55
156
18
70
Convolve Process
Average
Stride = 1

www.datascienceanywhere.com
20
100
200
73
60
82
27
76
250
189
212
56
09
65
120
189
82
19
200
130
19
108
200
35
123
31
100
73
60
82
76
250
189
212
165
198
102
16
56
28
67
240
190
63
212
23
36
82
55
156
18
70
100
73
60
82
76
250
189
212
102
16
56
28
67
240
190
63
212
23
36
82
55
156
18
70
100
73
60
82
76
250
189
212
102
16
56
28
67
240
190
63
212
23
36
82
55
156
18
70
Convolve Process
Average
Stride = 1

www.datascienceanywhere.com
20
100
200
73
60
82
27
76
250
189
212
56
09
65
120
189
82
19
200
130
19
108
200
35
123
31
100
73
60
82
76
250
189
212
165
198
102
16
56
28
67
240
190
63
212
23
36
82
55
156
18
70
100
73
60
82
76
250
189
212
102
16
56
28
67
240
190
63
212
23
36
82
55
156
18
70
100
73
60
82
76
250
189
212
102
16
56
28
67
240
190
63
212
23
36
82
55
156
18
70
Convolve Process
Average
Stride = 1

www.datascienceanywhere.com
20
100
200
73
60
82
27
76
250
189
212
56
09
65
120
189
82
19
200
130
19
108
200
35
123
31
100
73
60
82
76
250
189
212
165
198
102
16
56
28
67
240
190
63
212
23
36
82
55
156
18
70
100
73
60
82
76
250
189
212
102
16
56
28
67
240
190
63
212
23
36
82
55
156
18
70
100
73
60
82
76
250
189
212
102
16
56
28
67
240
190
63
212
23
36
82
55
156
18
70
Convolve Process
Average
Stride = 1

www.datascienceanywhere.com
20
100
200
73
60
82
27
76
250
189
212
56
09
65
120
189
82
19
200
130
19
108
200
35
123
31
100
73
60
82
76
250
189
212
165
198
102
16
56
28
67
240
190
63
212
23
36
82
55
156
18
70
100
73
60
82
76
250
189
212
102
16
56
28
67
240
190
63
212
23
36
82
55
156
18
70
100
73
60
82
76
250
189
212
102
16
56
28
67
240
190
63
212
23
36
82
55
156
18
70
Convolve Process
Average
Stride = 1

www.datascienceanywhere.com
20
100
200
73
60
82
27
76
250
189
212
56
09
65
120
189
82
19
200
130
19
108
200
35
123
31
100
73
60
82
76
250
189
212
165
198
102
16
56
28
67
240
190
63
212
23
36
82
55
156
18
70
100
73
60
82
76
250
189
212
102
16
56
28
67
240
190
63
212
23
36
82
55
156
18
70
100
73
60
82
76
250
189
212
102
16
56
28
67
240
190
63
212
23
36
82
55
156
18
70
Convolve Process
Average

www.datascienceanywhere.com
Convolve Process
20
100
200
73
60
82
27
76
250
189
212
56
09
65
120
189
82
19
200
130
19
108
200
35
123
31
100
73
60
82
76
250
189
212
165
198
102
16
56
28
67
240
190
63
212
23
36
82
55
156
18
70
100
73
60
82
76
250
189
212
102
16
56
28
67
240
190
63
212
23
36
82
55
156
18
70
100
73
60
82
76
250
189
212
102
16
56
28
67
240
190
63
212
23
36
82
55
156
18
70

www.datascienceanywhere.com
Padding to Retail the W & H

www.datascienceanywhere.com
Same Padding
20
100
200
73
60
82
27
76
250
189
212
56
09
65
120
189
82
19
165
198
200
130
19
108
200
35
123
31
100
73
60
82
76
250
189
212

www.datascienceanywhere.com
Same Padding or Zero Padding
20
100
200
73
60
82
27
0
0
0
0
0
0
0
0
0
76
250
189
212
56
09
65
120
189
82
19
165
198
200
130
19
108
200
35
123
31
0
0
0
0
0
0
0
0
0
0
0
0
0
0
0
0
0
0
0
0
0
0
0
100
73
60
82
76
250
189
212
0
0
0
0
0
0
0
0
0
0
0
0

www.datascienceanywhere.com
Apply Convolve
Average

www.datascienceanywhere.com
Average Blur in OpenCV
cv2.blur(src,ksize)

www.datascienceanywhere.com
Next
Average Blur OpenCV Python

