www.datascienceanywhere.com
Smoothing Filters
Blurring 

www.datascienceanywhere.com
Gaussian Blur
Smoothing Filter

www.datascienceanywhere.com
Gaussian Blur
• Step-1: Define 𝑘× 𝑘sliding window on top of the image.
• 𝑘is always odd number
• Step-2: Slide the window from left to right and top to bottom
• Step-3: For each stride (usually stride =1), pixel at the center of the 
matrix is weight mean, where neighbourhood pixels that are closer 
to the central pixel contribute more “weight” to the average.

www.datascienceanywhere.com
Gaussian Blur
• In 2-D, an isotropic Gaussian has the form:

www.datascienceanywhere.com
Gaussian Blur Kernel
3 x 3
5 x 5

www.datascienceanywhere.com
Gaussian Blur Kernel
• As kernel size increases blur effect increases

www.datascienceanywhere.com
Convolve Process
1
2
1
2
4
2
1
2
1
3 × 3
5 × 5
20
100
200
73
60
82
27
76
250
189
212
56
09
65
120
189
82
19
200
130
19
108
200
35
123
31
100
73
60
82
76
250
189
212
165
198
102
16
56
28
67
240
190
63
212
23
36
82
55
156
18
70
100
73
60
82
76
250
189
212
102
16
56
28
67
240
190
63
212
23
36
82
55
156
18
70
100
73
60
82
76
250
189
212
102
16
56
28
67
240
190
63
212
23
36
82
55
156
18
70
1
16

www.datascienceanywhere.com
Convolve Process
20
100
200
73
60
82
27
76
250
189
212
56
09
65
120
189
82
19
200
130
19
108
200
35
123
31
100
73
60
82
76
250
189
212
165
198
102
16
56
28
67
240
190
63
36
82
55
156
18
70
100
73
60
82
76
250
189
212
102
16
56
28
67
240
190
63
212
23
36
82
55
156
18
70
100
73
60
82
76
250
189
212
102
16
56
28
67
240
190
63
212
23
36
82
55
156
18
70
212
23

www.datascienceanywhere.com
Convolve Process
20
100
73
200
102
16
27
212
23
∗
1
16
1
2
1
2
4
2
1
2
1
20
100
200
73
60
82
27
76
250
189
212
56
09
65
120
189
82
19
200
130
19
108
200
35
123
31
100
73
60
82
76
250
189
212
165
198
102
16
56
28
67
240
190
63
36
82
55
156
18
70
100
73
60
82
76
250
189
212
102
16
56
28
67
240
190
63
212
23
36
82
55
156
18
70
100
73
60
82
76
250
189
212
102
16
56
28
67
240
190
63
212
23
36
82
55
156
18
70
212
23
Convolve

www.datascienceanywhere.com
20
100
200
73
60
82
27
76
250
189
212
56
09
65
120
189
82
19
200
130
19
108
200
35
123
31
100
73
60
82
76
250
189
212
165
198
102
16
56
28
67
240
190
63
36
82
55
156
18
70
100
73
60
82
76
250
189
212
102
16
56
28
67
240
190
63
212
23
36
82
55
156
18
70
100
73
60
82
76
250
189
212
102
16
56
28
67
240
190
63
212
23
36
82
55
156
18
70
Convolve Process
212
23
Convolve
20
100
73
200
102
16
27
212
23
∗
1
16
1
2
1
2
4
2
1
2
1
= 20 ∗
1
16 + 100 ∗
2
16 + 73 ∗
1
16 + 200 ∗
2
16 + 102 ∗
4
16 + 16 ∗
2
16 + 27 ∗
1
16 + 212 ∗
2
16 + 23 ∗
1
16
= 101

www.datascienceanywhere.com
20
100
200
73
60
82
27
76
250
189
212
56
09
65
120
189
82
19
200
130
19
108
200
35
123
31
100
73
60
82
76
250
189
212
165
198
102
16
56
28
67
240
190
63
212
23
36
82
55
156
18
70
100
73
60
82
76
250
189
212
102
16
56
28
67
240
190
63
212
23
36
82
55
156
18
70
100
73
60
82
76
250
189
212
102
16
56
28
67
240
190
63
212
23
36
82
55
156
18
70
Convolve Process
Stride = 1
convolve

www.datascienceanywhere.com
20
100
200
73
60
82
27
76
250
189
212
56
09
65
120
189
82
19
200
130
19
108
200
35
123
31
100
73
60
82
76
250
189
212
165
198
102
16
56
28
67
240
190
63
212
23
36
82
55
156
18
70
100
73
60
82
76
250
189
212
102
16
56
28
67
240
190
63
212
23
36
82
55
156
18
70
100
73
60
82
76
250
189
212
102
16
56
28
67
240
190
63
212
23
36
82
55
156
18
70
Convolve Process
Stride = 1
Median

www.datascienceanywhere.com
20
100
200
73
60
82
27
76
250
189
212
56
09
65
120
189
82
19
200
130
19
108
200
35
123
31
100
73
60
82
76
250
189
212
165
198
102
16
56
28
67
240
190
63
212
23
36
82
55
156
18
70
100
73
60
82
76
250
189
212
102
16
56
28
67
240
190
63
212
23
36
82
55
156
18
70
100
73
60
82
76
250
189
212
102
16
56
28
67
240
190
63
212
23
36
82
55
156
18
70
Convolve Process
Stride = 1
convolve

www.datascienceanywhere.com
20
100
200
73
60
82
27
76
250
189
212
56
09
65
120
189
82
19
200
130
19
108
200
35
123
31
100
73
60
82
76
250
189
212
165
198
102
16
56
28
67
240
190
63
212
23
36
82
55
156
18
70
100
73
60
82
76
250
189
212
102
16
56
28
67
240
190
63
212
23
36
82
55
156
18
70
100
73
60
82
76
250
189
212
102
16
56
28
67
240
190
63
212
23
36
82
55
156
18
70
Convolve Process
Stride = 1
convolve

www.datascienceanywhere.com
20
100
200
73
60
82
27
76
250
189
212
56
09
65
120
189
82
19
200
130
19
108
200
35
123
31
100
73
60
82
76
250
189
212
165
198
102
16
56
28
67
240
190
63
212
23
36
82
55
156
18
70
100
73
60
82
76
250
189
212
102
16
56
28
67
240
190
63
212
23
36
82
55
156
18
70
100
73
60
82
76
250
189
212
102
16
56
28
67
240
190
63
212
23
36
82
55
156
18
70
Convolve Process
Stride = 1
convolve

www.datascienceanywhere.com
20
100
200
73
60
82
27
76
250
189
212
56
09
65
120
189
82
19
200
130
19
108
200
35
123
31
100
73
60
82
76
250
189
212
165
198
102
16
56
28
67
240
190
63
212
23
36
82
55
156
18
70
100
73
60
82
76
250
189
212
102
16
56
28
67
240
190
63
212
23
36
82
55
156
18
70
100
73
60
82
76
250
189
212
102
16
56
28
67
240
190
63
212
23
36
82
55
156
18
70
Convolve Process
Stride = 1
convolve

www.datascienceanywhere.com
20
100
200
73
60
82
27
76
250
189
212
56
09
65
120
189
82
19
200
130
19
108
200
35
123
31
100
73
60
82
76
250
189
212
165
198
102
16
56
28
67
240
190
63
212
23
36
82
55
156
18
70
100
73
60
82
76
250
189
212
102
16
56
28
67
240
190
63
212
23
36
82
55
156
18
70
100
73
60
82
76
250
189
212
102
16
56
28
67
240
190
63
212
23
36
82
55
156
18
70
Convolve Process
Stride = 1
convolve

www.datascienceanywhere.com
20
100
200
73
60
82
27
76
250
189
212
56
09
65
120
189
82
19
200
130
19
108
200
35
123
31
100
73
60
82
76
250
189
212
165
198
102
16
56
28
67
240
190
63
212
23
36
82
55
156
18
70
100
73
60
82
76
250
189
212
102
16
56
28
67
240
190
63
212
23
36
82
55
156
18
70
100
73
60
82
76
250
189
212
102
16
56
28
67
240
190
63
212
23
36
82
55
156
18
70
Convolve Process
Stride = 1
convolve

www.datascienceanywhere.com
20
100
200
73
60
82
27
76
250
189
212
56
09
65
120
189
82
19
200
130
19
108
200
35
123
31
100
73
60
82
76
250
189
212
165
198
102
16
56
28
67
240
190
63
212
23
36
82
55
156
18
70
100
73
60
82
76
250
189
212
102
16
56
28
67
240
190
63
212
23
36
82
55
156
18
70
100
73
60
82
76
250
189
212
102
16
56
28
67
240
190
63
212
23
36
82
55
156
18
70
Convolve Process
Stride = 1
convolve

www.datascienceanywhere.com
20
100
200
73
60
82
27
76
250
189
212
56
09
65
120
189
82
19
200
130
19
108
200
35
123
31
100
73
60
82
76
250
189
212
165
198
102
16
56
28
67
240
190
63
212
23
36
82
55
156
18
70
100
73
60
82
76
250
189
212
102
16
56
28
67
240
190
63
212
23
36
82
55
156
18
70
100
73
60
82
76
250
189
212
102
16
56
28
67
240
190
63
212
23
36
82
55
156
18
70
Convolve Process
Stride = 1
convolve

www.datascienceanywhere.com
20
100
200
73
60
82
27
76
250
189
212
56
09
65
120
189
82
19
200
130
19
108
200
35
123
31
100
73
60
82
76
250
189
212
165
198
102
16
56
28
67
240
190
63
212
23
36
82
55
156
18
70
100
73
60
82
76
250
189
212
102
16
56
28
67
240
190
63
212
23
36
82
55
156
18
70
100
73
60
82
76
250
189
212
102
16
56
28
67
240
190
63
212
23
36
82
55
156
18
70
Convolve Process
Stride = 1
convolve

www.datascienceanywhere.com
20
100
200
73
60
82
27
76
250
189
212
56
09
65
120
189
82
19
200
130
19
108
200
35
123
31
100
73
60
82
76
250
189
212
165
198
102
16
56
28
67
240
190
63
212
23
36
82
55
156
18
70
100
73
60
82
76
250
189
212
102
16
56
28
67
240
190
63
212
23
36
82
55
156
18
70
100
73
60
82
76
250
189
212
102
16
56
28
67
240
190
63
212
23
36
82
55
156
18
70
Convolve Process
Stride = 1
convolve

www.datascienceanywhere.com
20
100
200
73
60
82
27
76
250
189
212
56
09
65
120
189
82
19
200
130
19
108
200
35
123
31
100
73
60
82
76
250
189
212
165
198
102
16
56
28
67
240
190
63
212
23
36
82
55
156
18
70
100
73
60
82
76
250
189
212
102
16
56
28
67
240
190
63
212
23
36
82
55
156
18
70
100
73
60
82
76
250
189
212
102
16
56
28
67
240
190
63
212
23
36
82
55
156
18
70
Convolve Process
Stride = 1
Median

www.datascienceanywhere.com
20
100
200
73
60
82
27
76
250
189
212
56
09
65
120
189
82
19
200
130
19
108
200
35
123
31
100
73
60
82
76
250
189
212
165
198
102
16
56
28
67
240
190
63
212
23
36
82
55
156
18
70
100
73
60
82
76
250
189
212
102
16
56
28
67
240
190
63
212
23
36
82
55
156
18
70
100
73
60
82
76
250
189
212
102
16
56
28
67
240
190
63
212
23
36
82
55
156
18
70
Convolve Process
Stride = 1
convolve

www.datascienceanywhere.com
20
100
200
73
60
82
27
76
250
189
212
56
09
65
120
189
82
19
200
130
19
108
200
35
123
31
100
73
60
82
76
250
189
212
165
198
102
16
56
28
67
240
190
63
212
23
36
82
55
156
18
70
100
73
60
82
76
250
189
212
102
16
56
28
67
240
190
63
212
23
36
82
55
156
18
70
100
73
60
82
76
250
189
212
102
16
56
28
67
240
190
63
212
23
36
82
55
156
18
70
Convolve Process
Stride = 1
convolve

www.datascienceanywhere.com
20
100
200
73
60
82
27
76
250
189
212
56
09
65
120
189
82
19
200
130
19
108
200
35
123
31
100
73
60
82
76
250
189
212
165
198
102
16
56
28
67
240
190
63
212
23
36
82
55
156
18
70
100
73
60
82
76
250
189
212
102
16
56
28
67
240
190
63
212
23
36
82
55
156
18
70
100
73
60
82
76
250
189
212
102
16
56
28
67
240
190
63
212
23
36
82
55
156
18
70
Convolve Process
convolve

www.datascienceanywhere.com
Convolve Process
20
100
200
73
60
82
27
76
250
189
212
56
09
65
120
189
82
19
200
130
19
108
200
35
123
31
100
73
60
82
76
250
189
212
165
198
102
16
56
28
67
240
190
63
212
23
36
82
55
156
18
70
100
73
60
82
76
250
189
212
102
16
56
28
67
240
190
63
212
23
36
82
55
156
18
70
100
73
60
82
76
250
189
212
102
16
56
28
67
240
190
63
212
23
36
82
55
156
18
70

www.datascienceanywhere.com
Padding to Retail the W & H

www.datascienceanywhere.com
Same Padding
20
100
200
73
60
82
27
76
250
189
212
56
09
65
120
189
82
19
165
198
200
130
19
108
200
35
123
31
100
73
60
82
76
250
189
212

www.datascienceanywhere.com
Same Padding or Zero Padding
20
100
200
73
60
82
27
0
0
0
0
0
0
0
0
0
76
250
189
212
56
09
65
120
189
82
19
165
198
200
130
19
108
200
35
123
31
0
0
0
0
0
0
0
0
0
0
0
0
0
0
0
0
0
0
0
0
0
0
0
100
73
60
82
76
250
189
212
0
0
0
0
0
0
0
0
0
0
0
0

www.datascienceanywhere.com
Apply Convolve
convolve

www.datascienceanywhere.com
Gaussian Blur in OpenCV
cv2.GaussianBlur(src,ksize)

www.datascienceanywhere.com
Next
Gaussian Blur in OpenCV Python

