www.datascienceanywhere.com
Smoothing Filters
Blurring 

www.datascienceanywhere.com
Median Blur
Smoothing Filter

www.datascienceanywhere.com
Median Blur
• Step-1: Define 𝑘× 𝑘sliding window on top of the image.
• 𝑘is always odd number
• Step-2: Slide the window from left to right and top to bottom
• Step-3: For each stride (usually stride =1), pixel at the center of the 
matrix is Median of pixels surrounding it. 

www.datascienceanywhere.com
Median Blur
• Median blurring is more effective at removing salt and pepper 
style noise from the image.

www.datascienceanywhere.com
Median Blur for Salt-Pepper Noise

www.datascienceanywhere.com
Median Blur (3 x 3)

www.datascienceanywhere.com
Median Blur (5 x 5)

www.datascienceanywhere.com
Median Blur (7 x 7)

www.datascienceanywhere.com
Median Blur (11 x 11)

www.datascienceanywhere.com
Convolve Process
3 × 3
5 × 5
20
100
200
73
60
82
27
76
250
189
212
56
09
65
120
189
82
19
200
130
19
108
200
35
123
31
100
73
60
82
76
250
189
212
165
198
102
16
56
28
67
240
190
63
212
23
36
82
55
156
18
70
100
73
60
82
76
250
189
212
102
16
56
28
67
240
190
63
212
23
36
82
55
156
18
70
100
73
60
82
76
250
189
212
102
16
56
28
67
240
190
63
212
23
36
82
55
156
18
70

www.datascienceanywhere.com
20
100
200
73
60
82
27
76
250
189
212
56
09
65
120
189
82
19
200
130
19
108
200
35
123
31
100
73
60
82
76
250
189
212
165
198
102
16
56
28
67
240
190
63
212
23
36
82
55
156
18
70
100
73
60
82
76
250
189
212
102
16
56
28
67
240
190
63
212
23
36
82
55
156
18
70
100
73
60
82
76
250
189
212
102
16
56
28
67
240
190
63
212
23
36
82
55
156
18
70
Convolve Process

www.datascienceanywhere.com
20
100
200
73
60
82
27
76
250
189
212
56
09
65
120
189
82
19
200
130
19
108
200
35
123
31
100
73
60
82
76
250
189
212
165
198
102
16
56
28
67
240
190
63
36
82
55
156
18
70
100
73
60
82
76
250
189
212
102
16
56
28
67
240
190
63
212
23
36
82
55
156
18
70
100
73
60
82
76
250
189
212
102
16
56
28
67
240
190
63
212
23
36
82
55
156
18
70
Convolve Process
212
23
Median
(16,20,23,27,73,100,102,200,212)= 73

www.datascienceanywhere.com
20
100
200
73
60
82
27
76
250
189
212
56
09
65
120
189
82
19
200
130
19
108
200
35
123
31
100
73
60
82
76
250
189
212
165
198
102
16
56
28
67
240
190
63
212
23
36
82
55
156
18
70
100
73
60
82
76
250
189
212
102
16
56
28
67
240
190
63
212
23
36
82
55
156
18
70
100
73
60
82
76
250
189
212
102
16
56
28
67
240
190
63
212
23
36
82
55
156
18
70
Convolve Process
Stride = 1
(16,23,36,56,60,73,100,102,212)= 60
Median

www.datascienceanywhere.com
20
100
200
73
60
82
27
76
250
189
212
56
09
65
120
189
82
19
200
130
19
108
200
35
123
31
100
73
60
82
76
250
189
212
165
198
102
16
56
28
67
240
190
63
212
23
36
82
55
156
18
70
100
73
60
82
76
250
189
212
102
16
56
28
67
240
190
63
212
23
36
82
55
156
18
70
100
73
60
82
76
250
189
212
102
16
56
28
67
240
190
63
212
23
36
82
55
156
18
70
Convolve Process
Stride = 1
Median

www.datascienceanywhere.com
20
100
200
73
60
82
27
76
250
189
212
56
09
65
120
189
82
19
200
130
19
108
200
35
123
31
100
73
60
82
76
250
189
212
165
198
102
16
56
28
67
240
190
63
212
23
36
82
55
156
18
70
100
73
60
82
76
250
189
212
102
16
56
28
67
240
190
63
212
23
36
82
55
156
18
70
100
73
60
82
76
250
189
212
102
16
56
28
67
240
190
63
212
23
36
82
55
156
18
70
Convolve Process
Stride = 1
Median

www.datascienceanywhere.com
20
100
200
73
60
82
27
76
250
189
212
56
09
65
120
189
82
19
200
130
19
108
200
35
123
31
100
73
60
82
76
250
189
212
165
198
102
16
56
28
67
240
190
63
212
23
36
82
55
156
18
70
100
73
60
82
76
250
189
212
102
16
56
28
67
240
190
63
212
23
36
82
55
156
18
70
100
73
60
82
76
250
189
212
102
16
56
28
67
240
190
63
212
23
36
82
55
156
18
70
Convolve Process
Stride = 1
Median

www.datascienceanywhere.com
20
100
200
73
60
82
27
76
250
189
212
56
09
65
120
189
82
19
200
130
19
108
200
35
123
31
100
73
60
82
76
250
189
212
165
198
102
16
56
28
67
240
190
63
212
23
36
82
55
156
18
70
100
73
60
82
76
250
189
212
102
16
56
28
67
240
190
63
212
23
36
82
55
156
18
70
100
73
60
82
76
250
189
212
102
16
56
28
67
240
190
63
212
23
36
82
55
156
18
70
Convolve Process
Stride = 1
Median

www.datascienceanywhere.com
20
100
200
73
60
82
27
76
250
189
212
56
09
65
120
189
82
19
200
130
19
108
200
35
123
31
100
73
60
82
76
250
189
212
165
198
102
16
56
28
67
240
190
63
212
23
36
82
55
156
18
70
100
73
60
82
76
250
189
212
102
16
56
28
67
240
190
63
212
23
36
82
55
156
18
70
100
73
60
82
76
250
189
212
102
16
56
28
67
240
190
63
212
23
36
82
55
156
18
70
Convolve Process
Stride = 1
Median

www.datascienceanywhere.com
20
100
200
73
60
82
27
76
250
189
212
56
09
65
120
189
82
19
200
130
19
108
200
35
123
31
100
73
60
82
76
250
189
212
165
198
102
16
56
28
67
240
190
63
212
23
36
82
55
156
18
70
100
73
60
82
76
250
189
212
102
16
56
28
67
240
190
63
212
23
36
82
55
156
18
70
100
73
60
82
76
250
189
212
102
16
56
28
67
240
190
63
212
23
36
82
55
156
18
70
Convolve Process
Stride = 1
Median

www.datascienceanywhere.com
20
100
200
73
60
82
27
76
250
189
212
56
09
65
120
189
82
19
200
130
19
108
200
35
123
31
100
73
60
82
76
250
189
212
165
198
102
16
56
28
67
240
190
63
212
23
36
82
55
156
18
70
100
73
60
82
76
250
189
212
102
16
56
28
67
240
190
63
212
23
36
82
55
156
18
70
100
73
60
82
76
250
189
212
102
16
56
28
67
240
190
63
212
23
36
82
55
156
18
70
Convolve Process
Stride = 1
Median

www.datascienceanywhere.com
20
100
200
73
60
82
27
76
250
189
212
56
09
65
120
189
82
19
200
130
19
108
200
35
123
31
100
73
60
82
76
250
189
212
165
198
102
16
56
28
67
240
190
63
212
23
36
82
55
156
18
70
100
73
60
82
76
250
189
212
102
16
56
28
67
240
190
63
212
23
36
82
55
156
18
70
100
73
60
82
76
250
189
212
102
16
56
28
67
240
190
63
212
23
36
82
55
156
18
70
Convolve Process
Stride = 1
Median

www.datascienceanywhere.com
20
100
200
73
60
82
27
76
250
189
212
56
09
65
120
189
82
19
200
130
19
108
200
35
123
31
100
73
60
82
76
250
189
212
165
198
102
16
56
28
67
240
190
63
212
23
36
82
55
156
18
70
100
73
60
82
76
250
189
212
102
16
56
28
67
240
190
63
212
23
36
82
55
156
18
70
100
73
60
82
76
250
189
212
102
16
56
28
67
240
190
63
212
23
36
82
55
156
18
70
Convolve Process
Average
Stride = 1

www.datascienceanywhere.com
20
100
200
73
60
82
27
76
250
189
212
56
09
65
120
189
82
19
200
130
19
108
200
35
123
31
100
73
60
82
76
250
189
212
165
198
102
16
56
28
67
240
190
63
212
23
36
82
55
156
18
70
100
73
60
82
76
250
189
212
102
16
56
28
67
240
190
63
212
23
36
82
55
156
18
70
100
73
60
82
76
250
189
212
102
16
56
28
67
240
190
63
212
23
36
82
55
156
18
70
Convolve Process
Stride = 1
Median

www.datascienceanywhere.com
20
100
200
73
60
82
27
76
250
189
212
56
09
65
120
189
82
19
200
130
19
108
200
35
123
31
100
73
60
82
76
250
189
212
165
198
102
16
56
28
67
240
190
63
212
23
36
82
55
156
18
70
100
73
60
82
76
250
189
212
102
16
56
28
67
240
190
63
212
23
36
82
55
156
18
70
100
73
60
82
76
250
189
212
102
16
56
28
67
240
190
63
212
23
36
82
55
156
18
70
Convolve Process
Stride = 1
Median

www.datascienceanywhere.com
20
100
200
73
60
82
27
76
250
189
212
56
09
65
120
189
82
19
200
130
19
108
200
35
123
31
100
73
60
82
76
250
189
212
165
198
102
16
56
28
67
240
190
63
212
23
36
82
55
156
18
70
100
73
60
82
76
250
189
212
102
16
56
28
67
240
190
63
212
23
36
82
55
156
18
70
100
73
60
82
76
250
189
212
102
16
56
28
67
240
190
63
212
23
36
82
55
156
18
70
Convolve Process
Stride = 1
Median

www.datascienceanywhere.com
20
100
200
73
60
82
27
76
250
189
212
56
09
65
120
189
82
19
200
130
19
108
200
35
123
31
100
73
60
82
76
250
189
212
165
198
102
16
56
28
67
240
190
63
212
23
36
82
55
156
18
70
100
73
60
82
76
250
189
212
102
16
56
28
67
240
190
63
212
23
36
82
55
156
18
70
100
73
60
82
76
250
189
212
102
16
56
28
67
240
190
63
212
23
36
82
55
156
18
70
Convolve Process
Stride = 1
Median

www.datascienceanywhere.com
20
100
200
73
60
82
27
76
250
189
212
56
09
65
120
189
82
19
200
130
19
108
200
35
123
31
100
73
60
82
76
250
189
212
165
198
102
16
56
28
67
240
190
63
212
23
36
82
55
156
18
70
100
73
60
82
76
250
189
212
102
16
56
28
67
240
190
63
212
23
36
82
55
156
18
70
100
73
60
82
76
250
189
212
102
16
56
28
67
240
190
63
212
23
36
82
55
156
18
70
Convolve Process
Stride = 1
Median

www.datascienceanywhere.com
20
100
200
73
60
82
27
76
250
189
212
56
09
65
120
189
82
19
200
130
19
108
200
35
123
31
100
73
60
82
76
250
189
212
165
198
102
16
56
28
67
240
190
63
212
23
36
82
55
156
18
70
100
73
60
82
76
250
189
212
102
16
56
28
67
240
190
63
212
23
36
82
55
156
18
70
100
73
60
82
76
250
189
212
102
16
56
28
67
240
190
63
212
23
36
82
55
156
18
70
Convolve Process
Median

www.datascienceanywhere.com
Convolve Process
20
100
200
73
60
82
27
76
250
189
212
56
09
65
120
189
82
19
200
130
19
108
200
35
123
31
100
73
60
82
76
250
189
212
165
198
102
16
56
28
67
240
190
63
212
23
36
82
55
156
18
70
100
73
60
82
76
250
189
212
102
16
56
28
67
240
190
63
212
23
36
82
55
156
18
70
100
73
60
82
76
250
189
212
102
16
56
28
67
240
190
63
212
23
36
82
55
156
18
70

www.datascienceanywhere.com
Padding to Retail the W & H

www.datascienceanywhere.com
Same Padding
20
100
200
73
60
82
27
76
250
189
212
56
09
65
120
189
82
19
165
198
200
130
19
108
200
35
123
31
100
73
60
82
76
250
189
212

www.datascienceanywhere.com
Same Padding or Zero Padding
20
100
200
73
60
82
27
0
0
0
0
0
0
0
0
0
76
250
189
212
56
09
65
120
189
82
19
165
198
200
130
19
108
200
35
123
31
0
0
0
0
0
0
0
0
0
0
0
0
0
0
0
0
0
0
0
0
0
0
0
100
73
60
82
76
250
189
212
0
0
0
0
0
0
0
0
0
0
0
0

www.datascienceanywhere.com
Apply Convolve
Median

www.datascienceanywhere.com
Median Blur in OpenCV
cv2.medianblur(src,ksize)

www.datascienceanywhere.com
Next
Median Blur in OpenCV Python

